00001111000111110001111100011111000111110111111111111111011111110001111100011111000111110001111100001111
00000100000000010001001100000011000001111011001100001111001011110000001100101111010010010000010000000011
100001111110000
000011111100001
001110010111100101111010011011101110110011111010111110101110110001101110011110100111100100111001
001110000111101001111111011011011110110011111010111110101110110001101101011111110111101000111000
000000000000111000011000101111100110110100111101001111000011110101101101101111100001100000001110
000000000111100000011101101111100110110000111100001111000011110001101100101111100001110101111000
000000000000000000011010001111010110100011111100111111000110100000111101000110100000000000000000
000000000000000000011001001110100110110111111010111110100110110100111010000110010000000000000000
0000100000110000111100110111011111011111001110100111111011111101110100111110001111100110111001111000011000000100
0001000100100101000100010100100000101000100000000010001010000010010100010001010010010001000
00000000011100001111100011111100111111100111111100111111011111111111111011111100111110000111000000000000
1111110001100011000111111
0010000100111110010000100
01000111001111001111111101110001000
111111000010010110001000001100100100011010111100111001000110100000110010010110001111110000
000001100000010010000101111011111111100111111010011110000001100
10001111100111111001111110011111100111110111111111111111011111111001111110011111100111111001111110001111
0011100010001010111011010101101010101000100011100
0001000001001001001001111111010010000100100001000
00001010010101001010100100000010000010111101011110001111011111111111110111111000111100011110001111
000001111100000011111110000111000111000110010011000110111011000110010011000111010111000011111110000001111100010000000000111000000000010000000000
00010000000111110001000010000000111110001000000000010000000111110001000
100000010000111110011111100000010000
